293 A 14 6 7 13
157 A 8 5 18 0
397 A 6 15 1 6
129 A 12 17 15 2
186 A 12 19 0 19
310 A 3 17 0 2
313 A 9 4 9 19
288 A 15 8 17 14
156 A 10 3 17 5
303 A 11 4 1 16
376 A 11 17 2 4
347 A 17 0 16 12
235 A 11 0 13 10
13 A 9 15 19 9
74 A 17 9 17 14
243 A 18 9 15 0
272 A 18 7 17 19
308 A 11 9 1 9
384 A 15 16 5 2
171 A 15 14 19 1
190 A 8 0 9 1
354 A 9 3 18 19
195 A 10 12 10 6
220 A 19 5 11 15
286 A 14 5 6 17
162 A 4 16 17 14
320 A 13 19 16 7
134 A 10 1 5 19
114 A 1 7 0 12
96 A 5 16 3 0
333 A 11 0 4 6
324 A 0 12 18 3
203 A 15 19 10 11
215 A 12 19 11 12
120 A 19 17 12 18
322 A 19 8 19 11
88 A 19 19 18 0
192 A 13 7 9 9
193 A 7 6 18 13
312 A 14 10 12 17
297 A 10 11 5 18
167 A 8 9 0 11
63 A 11 16 11 17
145 A 16 17 15 1
330 A 15 19 18 16
353 A 14 15 16 9
87 A 9 11 17 11
16 A 2 14 14 5
250 A 4 16 2 11
98 A 2 4 15 12
357 A 4 6 2 2
10 A 9 14 3 13
340 A 14 2 0 7
222 A 6 2 16 5
211 A 18 12 3 11
77 A 3 9 17 11
331 A 17 17 5 4
117 A 3 1 6 6
350 A 16 19 15 7
368 A 6 3 14 17
147 A 8 0 2 3
170 A 13 15 15 11
390 A 11 6 12 1
128 A 14 17 1 19
361 A 14 4 16 18
337 A 14 9 4 4
51 A 4 2 12 13
305 A 8 7 19 18
329 A 4 5 8 18
241 A 6 6 16 14
64 A 9 0 17 9
80 A 13 14 4 2
301 A 19 13 14 14
392 A 3 11 4 10
67 A 1 6 8 5
86 A 0 1 6 9
367 A 2 3 14 10
351 A 10 16 19 1
374 A 4 12 10 7
71 A 12 4 8 0
344 A 12 14 14 10
334 A 9 13 0 13
356 A 11 0 4 8
217 A 6 11 0 5
183 A 19 17 4 18
375 A 3 10 7 13
246 A 19 2 16 13
247 A 10 17 11 8
396 A 8 12 10 0
386 A 19 14 16 13
316 A 9 2 2 5
113 A 6 0 2 10
34 A 12 1 2 19
224 A 6 2 4 8
355 A 18 16 18 12
373 A 2 5 8 11
244 A 8 18 8 15
7 A 8 12 0 3
50 A 15 1 8 10
91 A 14 4 6 3
55 A 3 11 1 13
169 A 7 16 13 16
205 A 12 9 17 12
2 A 15 3 4 3
399 A 16 6 8 2
137 A 6 19 18 19
210 A 11 14 19 15
135 A 17 11 17 10
371 A 15 17 16 17
119 A 6 13 5 11
41 A 9 13 6 17
345 A 14 16 19 19
46 A 14 17 16 6
138 A 16 8 12 0
233 A 8 11 7 14
181 A 0 12 10 13
287 A 19 8 13 0
161 A 11 3 12 7
255 A 17 17 17 5
59 A 3 16 17 19
155 A 15 6 7 3
279 A 14 3 19 16
277 A 19 17 18 16
100 A 10 6 6 8
380 A 19 1 2 6
5 A 4 16 14 12
163 A 18 11 6 16
204 A 7 5 16 1
240 A 9 14 17 3
298 A 5 9 1 1
202 A 2 5 18 16
109 A 8 15 12 11
131 A 3 2 5 15
158 A 19 0 11 6
260 A 14 3 10 1
53 A 15 10 7 19
148 A 15 1 18 6
387 A 5 2 15 8
280 A 8 7 17 2
84 A 5 9 16 14
218 A 1 16 7 12
106 A 18 19 2 12
221 A 1 7 19 4
314 A 4 18 7 0
273 A 10 19 19 14
70 A 13 14 2 18
199 A 16 13 7 3
124 A 2 10 14 16
189 A 4 14 12 7
348 A 3 17 3 6
223 A 16 11 1 12
150 A 9 18 18 9
81 A 17 13 6 11
299 A 9 5 9 4
146 A 7 16 5 15
285 A 14 12 8 3
21 A 15 14 7 18
219 A 15 8 8 6
231 A 8 7 17 8
72 A 11 10 14 5
216 A 4 9 16 13
391 A 14 1 18 0
261 A 0 9 8 7
58 A 1 19 12 5
366 A 9 10 18 2
125 A 3 1 7 0
294 A 17 12 17 8
168 A 6 2 4 3
292 A 3 1 16 14
111 A 5 3 16 1
208 A 16 5 5 11
151 A 10 1 17 17
383 A 15 19 4 16
82 A 2 0 17 12
228 A 19 16 3 7
271 A 15 2 8 4
52 A 19 13 13 9
382 A 10 0 1 4
338 A 12 1 4 18
142 A 10 2 1 0
229 A 12 18 17 14
264 A 13 9 12 12
180 A 9 19 16 3
311 A 10 13 14 17
213 A 3 15 6 0
307 A 9 13 18 17
238 A 12 9 14 3
48 A 11 14 2 18
152 A 19 4 2 18
1 A 9 14 17 15
176 A 3 8 9 6
144 A 8 1 1 5
19 A 17 2 14 10
258 A 12 11 5 17
197 A 10 6 7 10
191 A 11 7 12 5
282 A 1 16 13 14
47 A 15 17 11 9
360 A 15 5 15 14
12 A 19 1 10 5
252 B 4 2 19 13
365 B 19 7 19 11
89 B 19 0 12 7
15 B 4 11 1 0
121 B 17 3 9 9
102 B 5 10 16 16
245 B 18 2 9 12
378 B 4 19 16 4
108 B 19 5 13 0
296 B 0 14 16 2
315 B 4 11 9 7
37 B 12 7 3 9
44 B 5 16 2 18
28 B 14 16 4 16
230 B 12 11 11 2
20 B 3 5 18 17
227 B 14 2 1 4
85 B 10 5 5 7
265 B 9 8 18 14
362 B 14 17 18 19
115 B 15 5 10 2
184 B 15 14 11 2
209 B 17 5 17 19
395 B 2 14 14 11
136 B 0 5 17 9
323 B 19 19 4 8
232 B 15 15 17 12
284 B 0 10 15 8
214 B 1 16 8 9
139 B 11 8 17 17
49 B 14 13 19 14
22 B 18 4 17 10
226 B 2 14 9 7
79 B 0 7 9 12
381 B 9 16 0 1
385 B 13 14 17 4
309 B 19 0 17 2
253 B 12 3 13 3
281 B 4 1 3 1
9 B 18 7 11 5
327 B 6 6 6 9
38 B 6 18 11 16
291 B 18 2 14 0
78 B 6 2 2 5
61 B 4 11 13 5
268 B 14 19 4 5
68 B 17 5 0 14
166 B 8 2 13 11
66 B 12 12 14 1
179 B 4 17 3 4
295 B 3 5 8 16
8 B 1 3 13 9
304 B 16 4 9 4
321 B 17 3 11 1
364 B 2 1 8 15
263 B 11 16 5 0
56 B 10 5 12 18
174 B 15 18 2 12
149 B 5 7 15 1
133 B 11 5 3 15
207 B 19 4 16 13
363 B 11 4 6 12
132 B 1 2 13 15
101 B 15 7 5 19
328 B 0 10 17 6
25 B 3 10 19 1
11 B 12 9 14 11
187 B 6 12 14 0
60 B 7 18 3 15
23 B 3 17 3 13
188 B 7 12 4 8
302 B 11 1 9 7
370 B 10 17 13 14
358 B 19 2 10 16
130 B 4 2 9 5
143 B 14 6 9 14
104 B 9 12 1 16
35 B 4 3 16 10
398 B 9 10 17 6
165 B 0 15 5 18
335 B 9 4 6 7
290 B 10 13 7 2
300 B 5 1 3 6
326 B 15 1 19 16
274 B 11 18 6 2
275 B 16 3 2 4
185 B 18 1 11 7
317 B 7 3 10 8
29 B 2 12 6 16
379 B 3 5 9 13
342 B 10 8 7 13
182 B 6 3 0 11
24 B 17 17 2 7
225 B 6 15 14 5
339 B 14 6 13 11
242 B 1 7 1 10
236 B 15 10 19 1
76 B 8 12 5 15
249 B 9 8 14 1
57 B 18 13 14 11
54 B 6 2 15 17
177 B 1 18 10 10
325 B 12 16 8 10
27 B 14 4 9 13
18 B 4 10 9 12
75 B 10 12 14 0
0 B 0 16 11 9
349 B 0 17 15 4
6 B 11 6 8 9
352 B 3 5 5 3
39 B 8 2 17 0
389 B 17 19 3 17
234 B 18 14 15 16
394 B 7 13 2 2
278 B 17 1 12 17
289 B 10 18 5 1
123 B 1 18 1 6
43 B 7 15 9 16
26 B 2 9 5 19
270 B 15 11 4 10
377 B 18 10 3 16
94 B 13 18 8 1
319 B 13 6 4 7
251 B 0 16 9 8
194 B 8 0 2 0
256 B 3 1 15 13
332 B 11 6 16 8
105 B 11 1 1 16
126 B 15 5 10 1
200 B 1 2 5 13
118 B 0 9 7 9
164 B 4 1 12 6
110 B 9 11 7 0
254 B 7 14 17 3
306 B 8 8 5 3
33 B 13 1 4 1
140 B 17 12 16 18
116 B 12 13 12 8
393 B 19 14 5 3
237 B 19 19 16 0
4 B 5 2 10 17
343 B 2 15 8 9
178 B 18 12 15 10
173 B 17 17 10 19
45 B 13 1 7 15
69 B 13 14 16 11
122 B 1 15 14 16
97 B 14 12 7 5
92 B 18 11 7 3
65 B 10 13 19 8
3 B 16 10 1 17
154 B 17 0 11 6
103 B 14 16 18 5
107 B 5 6 13 19
112 B 17 3 5 0
276 B 3 1 17 4
153 B 6 11 18 14
83 B 4 15 14 1
14 B 2 7 8 9
206 B 12 8 17 9
336 B 15 9 9 9
266 B 11 10 12 19
159 B 7 5 16 10
259 B 1 16 10 3
341 B 2 17 19 0
93 B 3 9 1 3
262 B 6 2 3 15
318 B 10 0 3 2
40 B 11 11 3 19
172 B 1 6 15 11
346 B 17 12 7 2
388 B 3 15 15 18
42 B 14 0 11 12
30 B 14 18 14 8
31 B 18 5 8 5
36 B 11 13 15 4
283 B 5 18 0 1
90 B 3 18 14 12
160 B 2 15 14 9
359 B 14 9 1 17
62 B 17 13 5 16
95 B 5 7 5 6
73 B 2 13 10 15
248 B 2 14 6 18
269 B 8 2 5 3
198 B 17 9 14 9
257 B 5 13 15 18
196 B 13 9 19 13
267 B 8 19 7 9
99 B 4 2 19 5
201 B 4 14 10 6
212 B 14 6 2 19
32 B 11 8 2 14
17 B 5 1 0 14
239 B 19 6 16 19
369 B 19 14 18 7
141 B 1 10 11 8
372 B 18 2 17 5
127 B 8 15 10 0
175 B 7 13 0 3
